ada_boosting_network
10
1.00991
0.571453
0.655636
0.473274
0.466456
0.353118
0.271475
0.112056
0.40025
0.347803
10
294
7.2822
-0.358697
-2.06272
0.288108
-2.03968
-6.28686
-0.528315
-0.0779789
3.90294
1.39834
-2.9471
1.16981
-0.760027
1.39501
3.9094
-3.65376
-1.40801
-3.76916
-2.26526
-0.361703
1.95008
0.603393
0.555878
-0.176979
-0.970177
6.40358
8.37674
-3.44925
-2.23924
4.65177
5.63958
3.60756
-0.100943
2.38937
-2.89442
1.71954
-0.342548
-0.493515
1.40456
-1.94769
-2.36683
1.03296
-1.4583
0.509254
0.726164
-0.758271
1.82915
-0.664749
-0.00122332
-0.381336
-2.64344
10.9237
4.87671
2.06965
-3.08287
-2.09603
2.09631
-3.00983
0.155732
4.62296
0.273948
3.97608
1.64877
-2.31355
3.34651
2.18891
-1.49353
-2.09329
4.31637
1.22033
-0.477668
1.86092
-1.37514
0.392881
-0.19874
-7.97116
-3.02458
-9.89924
1.40772
2.27877
3.82937
1.26014
-4.89058
0.0532526
-1.58519
-1.96117
-5.56865
3.05671
2.97023
2.56061
-3.71861
-2.39768
0.747268
0.0151503
5.67322
-0.22915
1.57163
0.161478
-3.36344
-1.24472
10.0907
9.24031
-0.324948
-4.21235
-2.16302
6.17555
1.036
5.17976
0.761202
0.302671
-0.27552
-1.91081
-1.5085
0.652157
0.583846
0.171011
0.936233
-2.669
3.1183
-0.125163
0.390789
2.65134
-0.803474
-0.971066
-0.194254
-3.19823
11.0815
-3.38443
-1.48435
0.815127
-5.02757
-0.553695
-1.75998
2.65746
4.35662
0.534706
0.456113
-0.348761
-2.72455
1.90617
0.125606
-3.1438
0.978719
3.48307
1.28352
-1.21878
-0.793541
-0.877816
-0.746467
-0.260144
10.5681
6.70708
9.06213
-2.2888
-0.190657
2.68858
1.91067
1.71783
0.387942
-1.38102
-0.902216
-2.03027
0.00762702
3.43538
1.79592
-1.27235
1.47646
-1.83729
4.1296
2.07622
0.314229
0.440898
0.705859
-0.635666
-2.67371
-6.10967
-4.87338
-4.34905
4.76716
-4.75167
3.51073
-0.784612
3.3412
-0.745239
1.81186
5.78558
-0.8596
1.47261
0.075529
-0.207547
1.35994
0.650436
0.446422
-1.4128
-1.65639
0.366073
1.00651
0.997918
-0.398734
-0.268845
5.89558
-0.115795
-1.30295
10.1143
0.625443
-0.255691
-1.99666
-3.16193
-6.51165
7.25843
-2.20605
1.81245
3.56086
0.413392
-3.60515
3.18765
-4.27097
-0.507379
2.71899
2.90966
-0.558445
-0.0346035
-1.68821
-1.85437
0.0520247
-5.3511
-2.18217
-0.521973
1.92049
1.75133
2.75006
2.50126
0.166226
-2.79217
0.160483
2.24295
-1.4284
-0.283988
0.075809
-0.964503
1.02055
0.29902
0.96276
-0.311771
-0.256637
-0.0992375
-0.730562
1.16587
-0.0192401
-1.27686
-4.83375
2.33711
-0.12322
0.149889
-1.93364
2.411
0.011802
0.282967
-2.72715
-0.169461
4.62267
-2.70278
-0.189697
1.43268
-1.49519
0.133402
-1.71002
1.53761
3.60827
-0.179576
-0.169574
0.382588
-4.82783
2.44617
-0.784762
-1.43984
0.778333
-0.144291
2.31887
3.1339
0.238374
-0.831981
-1.2374
-3.76918
-0.0364276
-0.0105727
0.0399072
-1.98898
-0.00930632
-0.0100264
-0.0378595
0.0224203
1.80535
-0.0844818
294
-5.9477
0.160384
0.813907
-6.76075
-2.32974
0.748661
-1.0187
0.914851
6.13895
-4.74295
3.03117
-3.62214
-2.24106
0.95356
4.07271
-4.98554
3.55759
0.474484
-3.96892
0.929963
0.25897
-0.969984
0.321142
0.486734
-1.65779
-3.86935
-0.688264
-5.439
7.22204
7.0727
5.76002
3.3897
-1.15209
0.330391
-1.83843
-3.31298
-2.04324
-1.67674
0.303006
-2.24365
-0.933134
-0.576418
0.066432
-0.428586
1.50504
-1.00178
0.57976
0.193606
-0.975326
1.85027
-7.04337
-2.86381
4.35044
2.13434
-4.5446
-2.87395
-4.47741
5.17213
-3.76338
0.489326
-1.26943
0.817106
-0.0998688
-0.303787
5.51248
2.54456
-4.16796
2.28436
0.519015
-2.85742
1.10192
0.444823
-0.756024
-2.51856
0.71088
-7.06385
-0.688373
0.135852
-5.64655
0.386228
-0.502592
1.07853
-2.31339
1.09049
-6.18606
0.498913
3.55384
-5.24615
-1.09946
-0.646197
3.03202
0.195572
1.17443
-0.359698
-3.9492
2.09629
0.256495
-0.898628
2.52001
2.71352
7.27481
7.1569
4.35571
-4.52411
3.59083
1.99073
0.643767
0.195375
-0.752315
-3.47675
-3.26269
0.778387
-0.959459
2.1854
-0.0426234
1.62689
0.851093
-0.831026
2.69927
2.60044
-0.795101
-0.202875
0.403141
1.00389
1.15137
-3.54531
8.90853
-3.80501
-0.746589
-0.314765
-4.02134
1.17224
-1.73973
1.20077
3.52481
1.20706
2.59318
-0.254787
-1.57255
1.51607
1.07388
-2.10213
-0.931878
2.32337
1.11772
0.763267
-0.217534
0.00652487
-0.467322
-0.648685
7.07149
2.41742
-0.815758
3.35719
6.93677
0.852784
-1.41281
4.45038
0.300976
3.6172
0.525628
-6.11215
3.47784
6.0691
-0.0788163
-1.03922
1.03181
1.35734
1.99796
-0.52866
-0.635298
1.64842
3.59977
-0.770344
-3.79024
-8.95766
-7.0672
1.27557
3.78432
0.430754
-5.02938
2.78877
-4.8526
0.3436
3.38382
3.18224
-1.16074
0.992773
2.18759
1.57871
-2.30084
-0.506815
3.20477
-4.33525
0.68505
0.507954
0.942968
-0.890643
2.50203
-2.56835
-8.92065
-0.655241
1.1682
-0.730073
-1.55891
5.18906
-3.97277
1.16043
-3.07069
-1.88528
6.37469
0.438836
1.63483
-2.12632
-3.65347
5.53858
0.499132
3.26127
2.98925
-1.90842
-1.405
0.321768
0.101349
0.370737
2.44306
-5.95808
0.945557
-0.659165
7.62379
10.6933
5.98659
5.7998
0.211652
-0.734499
-1.97465
-1.62906
-1.47139
-4.08232
0.549699
-2.75391
-0.683701
-0.102602
2.45738
-1.4609
0.939662
-1.42285
1.6874
-0.246605
-0.0706899
2.35336
-8.52333
0.197502
-2.14353
0.106034
-0.0984041
3.83901
0.212496
-0.147622
-1.66785
-3.45461
2.24491
1.87642
0.810696
0.818267
-0.662661
0.718649
0.513073
0.803519
0.407193
1.16496
0.835744
-0.0667748
-0.520097
0.614297
0.845128
0.822695
1.21417
0.307032
0.585788
1.07119
0.77001
-1.06373
-1.78274
-2.60747
-1.57515
-1.42906
-0.0357044
-1.26616
-0.110886
0.0329633
-0.11656
-0.0768364
0.0698965
1.378
294
-9.15291
-3.59393
-9.94261
2.28837
2.41152
5.21189
1.30114
-5.21569
0.161256
-1.73509
-2.37596
-6.06263
2.28269
0.651272
4.13257
-5.42616
-4.20492
-0.221476
-2.5458
5.69395
-2.17382
2.55531
-0.338567
-4.65077
0.036415
-7.12197
-1.69184
0.71136
-0.72958
2.5653
4.91023
-6.27211
-1.82485
-2.57133
-0.344286
1.91526
-3.50174
2.28621
1.66346
-2.3632
3.81186
-1.79708
4.34744
4.80018
-0.203973
-2.44412
-0.351087
-1.05578
0.0284631
1.33192
-0.683142
9.12786
5.11478
-1.83703
-2.27103
-1.26877
0.364
-2.02219
-4.4712
2.87196
3.44347
2.19614
-0.0509118
-0.663381
-1.78409
1.32591
0.717416
0.319508
5.82832
2.96791
-0.81597
2.37491
1.09275
-0.0102547
-0.512266
-4.70346
1.66976
-0.897401
-10.8967
-1.13778
-0.0688309
4.68229
1.79664
4.52566
-7.14519
3.04154
-1.48725
-3.30747
4.28786
1.72304
1.32171
5.17185
-2.29739
0.630973
-0.300969
3.97667
1.94102
0.120654
3.22937
1.38189
0.998157
7.35098
-1.69843
-0.451347
6.12023
2.64158
6.27823
-0.969581
-4.10777
0.120156
0.107068
1.64353
-2.32697
-0.512296
-0.277668
5.7456
-1.2036
0.620484
1.56851
3.42925
0.0783783
-1.76659
0.78178
1.66935
-2.26012
-2.45814
8.70657
-2.09895
-2.03978
0.188909
-2.69538
0.854658
-2.62838
-0.569803
2.67395
0.881323
0.130761
-0.777713
-0.867795
2.43146
2.59165
-1.34291
0.0736884
2.75463
3.29623
-0.588965
-0.187068
0.596531
-0.0502348
-1.69218
11.1748
7.70532
8.64657
-1.07194
1.06502
0.25002
2.82947
2.88627
0.632481
0.147888
0.866184
-2.02508
0.206409
3.98533
3.12253
1.02219
0.30853
-0.365188
5.78508
-0.0644167
1.46285
-0.869744
2.8356
-0.719185
-0.0180705
-5.92485
-5.91752
-6.42861
8.44767
-1.90145
1.2928
-0.379933
2.54364
2.61218
2.49018
6.621
-2.74593
3.12757
1.74872
3.73179
2.28357
0.910864
-1.38147
-1.64992
-2.15065
3.63393
1.56535
0.199809
-1.23696
1.69179
5.11589
3.63262
-1.62917
4.86615
-1.41569
4.34579
1.42506
0.655691
7.42187
1.05928
5.72667
-2.20177
-0.445148
-1.94621
-0.19911
0.815938
1.13789
1.85009
0.418202
-3.80491
2.2915
1.5377
-2.33452
0.899667
1.45617
-7.54296
-6.20146
1.38193
2.39749
-1.89508
-5.74902
0.140858
-1.99866
-2.5083
4.4588
2.41063
-0.0375527
1.65377
1.50266
-0.99888
-3.75309
2.08676
-0.216586
-2.26881
1.50772
-0.939753
-0.440354
2.32663
1.04674
-2.0851
-9.08504
-1.7844
-1.59535
-0.0471409
0.083891
0.0193954
0.0773685
2.41539
-1.50105
-0.28879
-2.07613
0.175081
0.77167
0.879431
-0.672776
0.402213
0.371791
0.662125
0.912953
-0.689175
1.18321
1.29182
-2.69726
0.227349
-0.42851
-0.891766
0.452775
-0.732532
1.79735
3.81197
0.190411
-0.704057
0.0218062
-3.11137
-1.77919
0.0413086
0.171447
-1.63475
0.0630432
-0.0298551
-0.193911
0.178591
-0.110639
-0.014399
294
-0.757801
6.07167
-4.50269
-3.74805
-3.47067
1.32055
-2.87911
4.91765
3.26757
-0.506409
3.66321
-1.3519
-1.2323
-1.29713
9.29722
0.0639039
0.0850369
0.403305
-0.00599372
-1.77962
2.45109
3.11335
-2.20131
-4.90164
-0.0787093
9.88947
5.63797
6.60149
-4.89031
3.63919
4.80025
5.17147
-2.83306
0.797969
-1.88133
1.94949
-1.38734
1.35522
1.66471
-0.252094
-5.84894
0.980855
-2.2434
2.26561
1.89136
-0.761682
3.7238
1.3911
-0.270409
-2.28864
-3.57862
9.53447
7.29387
3.11345
-4.29526
0.0335777
0.65965
-3.8493
0.365554
6.1416
3.17423
3.8182
0.397976
-3.67315
4.31395
2.28721
-2.63513
-2.44406
0.073521
0.655436
1.13108
2.80566
0.489021
1.61522
-0.409641
-3.14412
0.413167
-1.89885
-8.98851
2.25305
2.4188
1.53188
-2.56893
7.08228
-8.64229
-0.943411
-4.87367
-3.91072
3.30609
-3.06899
-6.39549
2.48749
0.492309
-3.28989
-0.0860632
1.14218
1.1686
2.95598
2.75117
-0.569973
-4.38267
0.446192
-0.829134
5.66096
8.675
2.90435
3.35963
2.41948
-0.744055
-0.00896195
-0.425539
-2.10799
-3.26843
-0.35065
-1.397
-0.215066
0.0734489
2.68438
-3.72592
1.03701
-1.12997
0.17001
-0.512098
-0.0639966
1.18493
-3.25247
6.25119
0.921511
0.17691
0.674122
-3.85291
-0.807704
-2.43049
-0.325207
5.27228
0.596344
1.94746
-0.104705
-2.21079
2.97437
0.989415
-3.34027
-0.43397
0.715805
1.13596
0.270509
-0.294751
-0.136242
0.899203
-0.0994468
-2.67731
-3.36028
-2.6791
9.52572
10.7918
3.21739
3.57429
-2.0474
-0.105799
1.73216
0.623071
-3.94077
-2.57814
1.09992
-1.83584
-0.201301
0.728247
1.63239
-2.87444
1.56609
-2.23412
-0.752846
1.39983
-0.296659
1.69323
-9.42292
-4.54244
-0.833847
5.13882
-5.88404
2.96359
-1.50903
3.40951
2.76847
2.08689
3.19923
-0.698988
2.76407
-0.75654
2.37528
1.84848
-0.282914
2.37349
-0.831453
-1.9469
4.24035
3.08025
-0.162013
-0.839843
-1.494
8.10451
2.41048
0.750212
7.08317
0.822686
8.66646
5.30481
-0.0299493
9.45384
0.512249
4.94517
-2.31562
-1.06825
-1.92915
-0.405516
2.03043
1.48369
1.8979
-1.92858
-3.96574
3.75008
-0.105323
-3.41348
-0.392018
0.906014
-5.12941
-1.66924
-4.96277
-2.09292
2.85068
2.60113
-3.64778
-1.94399
-1.09522
-2.60581
4.24435
-1.33673
-0.604172
0.706519
-1.62551
-0.391539
-0.252134
1.25763
-1.66741
1.35681
-1.49973
1.50456
-0.836037
-1.3531
0.0951495
-2.18082
0.119708
0.249985
0.669527
0.623983
1.58054
-0.113618
-1.17176
-2.04606
-0.55967
-1.2473
-7.34542
0.139426
3.38772
-1.60337
-0.0418012
-0.159847
1.54873
0.118681
-1.89237
1.92878
-0.144217
-0.519509
0.447205
0.440865
-0.524047
0.831136
-1.56922
1.229
1.1233
0.917002
-1.06631
-1.49834
0.105648
-0.441455
-0.0672214
0.118149
-0.835127
0.71593
0.316121
-0.520061
0.468903
-0.00630833
0.378145
294
-2.86388
-0.711142
-4.07613
-6.73586
-0.614901
2.53238
0.294497
-0.110377
7.32899
-5.7863
0.859847
-2.50238
-4.72571
2.0039
6.28186
-4.17238
4.53439
-0.415128
-4.39128
-0.877576
2.60552
-2.55475
3.02571
-4.34502
0.0113722
-0.431396
0.514091
-1.07635
-0.778947
3.68196
7.44203
2.99278
3.39729
3.19854
-9.06802
0.460515
-4.36566
-2.72732
0.652495
0.724995
-0.277237
-0.807248
0.357744
-2.59086
-1.17707
0.243988
3.61838
-1.65074
-1.16696
-1.62381
-3.03014
6.46371
-5.99633
-2.42529
-0.350954
-6.57245
-3.18323
0.307641
-2.41684
2.55353
-1.97455
3.99285
4.33725
-1.64962
6.06825
2.20849
-3.53643
-1.14311
3.92227
0.0417242
-1.91974
2.23008
-0.358168
-3.06838
-0.19524
-9.82154
-1.73359
-1.90489
0.425059
-1.3008
-2.63102
-3.62454
-3.99151
-1.41242
4.14119
-2.45682
2.94958
-3.44842
1.31788
-4.21354
-2.64764
1.75275
-1.26218
1.82033
3.0234
3.87308
1.77387
-1.24479
-2.38313
6.15492
-5.48926
-1.65592
6.03987
6.06102
5.52759
2.54585
6.61301
-2.59045
-1.92009
0.648489
-0.613167
0.0655725
-2.91543
0.35598
1.12341
-2.64928
0.212558
2.79575
-3.75637
2.79263
-0.480769
0.992621
-1.48537
-0.558913
-1.76985
-2.38042
5.37339
0.320483
2.39843
-0.062265
-0.355964
-1.07668
0.43604
-2.0902
4.64877
4.48617
1.14928
4.97413
-0.904769
0.0232553
1.73811
0.959118
-2.13284
4.03051
-3.28695
-2.21001
-3.68599
1.89977
3.62636
-1.31284
9.51581
6.34453
7.22471
-1.78767
3.29463
1.27233
1.11382
2.84793
-2.34526
-1.07416
0.318786
-1.29978
0.6823
1.91605
-1.25292
0.538589
2.6079
-1.51198
3.28805
0.272691
-0.403944
2.50831
0.776456
-1.45053
-0.0750425
-9.13927
-10.1768
-4.22477
7.41097
-0.466965
-1.68734
2.22891
-7.72794
0.159351
2.92839
-1.22281
-0.196219
0.878997
1.17666
2.3146
-3.20425
-3.18519
2.00507
-3.08749
3.0371
1.30343
-1.07341
-0.878802
2.64915
-2.58015
-0.200079
3.54526
-6.6238
-0.0225512
0.909004
-3.39233
-3.683
0.656867
-5.26433
4.65769
6.91152
1.10897
4.57431
0.145283
1.50231
4.68693
-0.10437
3.18076
7.07157
-0.666382
-1.87703
4.59974
0.827489
-5.27969
0.810827
-8.25034
-2.79401
-0.10241
7.50574
-1.16924
1.22868
-1.28954
3.70573
1.61404
0.701588
5.68055
-2.19496
0.263941
-1.10426
3.57295
3.13806
1.19781
0.831804
-0.753136
-0.948347
2.08112
2.50674
-0.394232
-4.43258
-0.404746
-5.16867
0.252261
-0.311812
1.43294
0.738531
0.425631
0.10824
3.32207
-1.926
-1.39566
-1.21429
0.545164
0.389351
0.935919
-0.49636
2.88926
0.239909
1.14031
2.19874
1.01736
0.495917
-1.4789
-1.75878
0.870864
-0.225475
1.17224
0.866032
-0.984439
-0.408879
4.22832
1.39642
-0.465877
1.12523
-3.06737
-0.775815
-0.329273
-0.00772658
-3.24936
0.679458
-0.0430772
-1.0641
-0.453489
0.0804346
0.242055
294
-0.948233
7.23749
-3.49481
-9.42208
-2.46841
1.54978
-1.58714
2.01972
8.27748
-2.09049
4.9908
-1.5066
-6.59105
2.44806
6.41587
-3.63281
1.47834
2.26115
0.368374
-3.10276
1.9636
2.88528
-5.03452
0.471629
1.88611
7.72779
4.58235
5.122
-2.48294
3.06504
4.86253
9.22138
-5.77855
3.10834
-2.93874
0.324112
2.12821
-1.62894
0.263081
3.61677
-4.76627
1.89532
-2.92775
-0.492349
-0.532846
0.00876412
1.6675
-0.725599
-2.98178
-3.57084
-4.65631
8.3561
7.41165
2.83738
-3.2112
-4.96217
-2.80492
1.09131
-2.42215
2.80312
-1.98639
6.25543
2.04951
-2.92903
9.68755
-0.02839
-3.43405
-0.236361
1.32854
-0.700067
-0.158265
1.14775
0.116233
-4.3213
-1.8784
-2.0881
-1.44728
2.51889
-11.4111
-7.65971
-1.72876
-2.67902
0.967426
-2.97281
-2.28849
-4.44014
-0.12867
-2.36294
-3.49477
-0.535715
-0.908245
0.197739
-6.44979
-1.71008
2.05028
0.966945
-4.01494
1.20046
0.0302857
-0.250853
-8.96415
-3.05917
-10.4611
3.08403
2.49932
2.76678
3.0087
-4.36532
-2.51668
-1.61512
-4.71774
-5.67451
5.12342
3.39996
1.53385
-2.16809
-2.42123
-1.43772
2.08406
5.42181
-0.572155
2.72357
1.79306
-2.10301
0.420261
-6.56492
-0.251978
-2.70411
2.85862
1.64089
-0.260766
-2.24432
0.293725
-1.88693
-0.952255
-0.991515
0.666942
4.07888
-0.307542
-1.57507
1.77095
-2.57255
1.34582
1.79304
-1.7079
-0.729594
-2.742
1.23331
2.10795
2.73774
10.4222
5.94179
-3.64723
-3.40041
15.8675
-0.29907
-1.04258
2.0103
-1.77321
-0.95811
1.80683
-2.26254
-2.05628
5.62584
-3.12728
-2.42891
2.17903
-0.281667
-2.78096
5.19734
1.95437
-0.184631
-0.195751
-2.2839
-1.62967
1.50268
-10.8876
-2.54157
-6.33887
-11.5848
-0.721494
-9.37824
-1.7614
-2.87004
-2.2188
0.241842
-1.55746
3.84434
-0.651024
3.43589
3.46568
-1.09024
-5.7165
-1.37285
-2.43866
1.81629
-0.608707
-0.677875
0.654001
-3.71413
-8.37532
-1.48387
-5.00291
-0.966679
-1.66529
4.37357
-5.53213
-0.204148
-3.36895
-2.76336
7.66549
-0.278434
1.45262
-2.46242
-3.18166
0.714169
0.127539
2.30498
-1.2971
-1.42213
-1.01576
0.444029
0.185268
-2.52031
2.1584
-3.31033
9.02829
-0.491033
-0.0217035
4.20636
-2.07177
1.35731
-0.603018
1.63391
2.75207
-0.837696
1.06739
-2.49764
-0.440237
1.99305
-2.40545
-2.26744
1.90459
2.55562
1.23519
-1.63672
-0.890486
0.275584
-1.95456
1.38648
-4.28744
0.226612
0.259183
0.538436
1.02177
-0.91297
1.66433
0.348294
-0.854395
-4.17281
-0.654175
0.637328
0.274188
1.60349
-0.855473
-0.347834
0.00310802
3.12238
0.654868
0.329933
-0.00129273
0.682865
-3.6395
0.493367
-0.38175
0.0776399
-0.213319
0.302201
-0.84551
0.728242
1.6671
-2.35522
1.18882
-3.12059
-0.60917
-0.136516
0.121307
-0.134389
-3.19367
-0.426934
-0.284077
-0.169687
0.248134
0.491333
294
-4.69132
0.0873219
-5.63723
-8.65606
-0.453026
0.6451
7.98364
-1.61117
2.58013
-4.6699
0.822305
-5.88683
0.17778
3.89585
5.06478
3.85029
3.99957
-3.72643
1.82818
1.20522
5.75406
3.1535
0.750145
-1.2282
-2.17721
-10.6238
-8.9981
-0.54134
3.33976
4.6185
-7.11654
1.98529
-5.93724
-1.60283
-8.87446
-3.59896
-0.633699
0.675675
5.38642
-0.530263
-4.56865
-3.92054
-1.12527
-0.436932
2.42
-3.16716
-1.91498
1.97883
2.39213
-1.22354
-4.99674
-3.69155
3.24638
5.89278
-1.88619
-1.13221
-1.64751
1.37678
-0.137136
3.09155
1.77549
0.396444
-0.592119
-2.82263
5.97124
0.40971
-2.77598
-1.73121
-0.558794
0.492626
3.97664
0.10233
-1.9591
-4.15926
-0.998568
-3.46629
-0.183252
-1.30415
-4.01994
-0.927647
1.60918
-4.39676
3.57663
1.3703
-1.5756
-4.82919
2.62519
-1.57758
0.647382
2.68715
-9.3243
-1.34561
-0.574188
-2.74351
-1.10041
0.867685
1.55262
1.42403
-1.24367
3.16982
1.93237
7.68407
-0.394427
0.392208
1.16784
0.861532
9.13528
-4.08863
4.64847
-4.41127
-1.17932
1.82229
-3.21137
3.41029
0.0536474
-2.94456
1.00866
1.04446
-5.32582
1.26382
0.305872
0.519975
3.66229
7.11222
-2.81312
-3.37111
5.4639
-0.178618
-2.5876
1.31654
-4.50621
-3.08772
-5.09708
2.05749
0.440965
0.263907
0.37502
1.33301
-2.63128
-0.617633
-0.618109
-1.62476
1.93329
1.60458
-0.710001
-2.97648
1.75191
1.99225
-1.08325
-2.72265
9.77574
-1.13353
-13.1329
-2.24787
7.77097
-1.72002
-1.5954
2.08963
-2.30646
-1.606
2.04971
-3.81494
-2.58991
4.93191
-1.97436
-1.07148
2.50267
5.23827
1.52141
-0.179889
0.716443
-1.25544
-1.46593
-1.36458
0.068023
-9.0222
-6.13035
-8.64147
6.36978
-6.83048
5.3452
-2.69421
1.29656
1.54955
1.42318
7.17321
-1.30943
1.16376
1.05951
1.13352
0.897339
1.48884
1.98943
-3.78812
-0.68335
2.70364
6.19981
0.635445
-0.314478
0.390057
7.29268
5.15388
2.25535
6.37329
0.289932
7.05796
4.84262
-1.15551
6.24944
3.09567
8.61851
-1.05714
-0.486222
0.713454
-1.31663
2.2027
0.45142
0.973935
-0.187255
-1.3215
0.565452
3.60734
-0.834419
0.728823
-1.95597
-6.80948
-4.23968
-3.81295
0.114407
0.147561
-2.57496
-1.04223
-3.04622
-0.587987
-0.504374
-0.577714
2.03828
-1.928
-2.96352
2.71859
-4.15737
-2.62552
-0.983365
-2.41443
0.561664
3.01764
-0.673661
-1.8564
-2.27018
-1.97701
-6.7677
0.230401
-3.05493
0.540085
0.513274
1.09124
0.0988525
0.0306567
-2.67736
-0.764695
-2.0174
-4.22875
0.359052
0.635297
-0.5342
0.414939
0.0406929
0.0611546
2.48345
-0.685101
1.53229
0.143301
-0.736443
0.9639
1.14843
1.19976
0.993071
0.236569
1.13522
0.875184
0.312225
-0.926565
-4.36325
-2.27693
-1.50063
-0.77905
0.124888
-0.828752
0.0880686
0.101557
-0.0227718
0.0530458
-0.158536
0.444854
294
-2.6712
1.3153
-4.03624
-5.53842
1.89392
6.31238
7.91065
4.04274
5.12774
-6.10605
0.956986
-2.83775
-2.09528
4.29704
6.43703
-0.111879
2.67186
-2.62585
-2.60471
1.85072
1.63265
0.763458
3.38295
2.33521
-4.07143
4.29296
8.73193
3.99982
0.189465
6.29879
7.54324
1.05058
-0.770178
-0.729497
-2.42416
1.87379
0.244202
-0.472158
5.42333
-5.0608
8.88894
-0.207594
-1.32487
8.26605
2.65907
-0.244976
3.49784
1.33275
2.37574
1.0086
-2.49908
5.54747
-5.54018
-3.27265
-1.40513
-4.89736
-3.37865
-1.63227
-0.740384
0.468187
-1.89021
3.02091
6.06333
-1.13992
5.37389
0.505092
-1.15939
-1.44348
2.65507
2.27144
-1.92399
0.758797
-1.70863
-1.23312
-0.58885
-7.89101
3.09877
0.761132
-5.94113
-4.51449
-3.82911
-4.92268
-2.90554
2.09175
-0.116391
-0.855763
-3.2718
-6.00386
-1.34083
-4.22751
-3.59681
-1.48911
4.10363
0.26346
-0.342332
2.77259
-0.965322
-0.161754
-2.77439
3.75512
0.857774
-3.51689
10.3263
2.77432
5.56307
-0.977122
3.10513
1.51048
3.55389
-0.519938
0.459529
1.3039
-7.58252
-0.91754
-1.57409
-1.15535
2.02409
-0.586913
-3.36573
-5.34964
0.0600836
-2.31807
2.18675
1.74627
-0.230439
-3.80766
5.96529
-1.04222
-1.97522
4.67458
-4.04404
-4.66378
-1.6013
1.45736
0.647298
1.39933
-0.484702
2.92697
-3.38958
2.86633
3.62105
-0.649715
0.17307
6.6377
-0.255743
-2.96088
-2.27416
-3.06841
1.87068
1.70439
11.6598
9.58916
9.22338
-1.06517
2.58608
1.55286
2.52753
-0.584856
-2.59704
-2.67239
-1.908
-1.90541
0.309201
2.19636
1.74188
-0.69362
-1.092
-3.75408
5.40586
1.13056
2.2654
1.10462
-0.254344
1.30344
-0.480116
7.30042
-2.44686
1.53265
-6.44166
-7.62056
-3.32249
-4.43124
-4.29593
1.60539
2.61652
1.00215
2.1334
5.01986
-1.18636
1.60884
0.227476
1.95371
-3.60949
3.38453
-2.12797
-1.75169
-1.47872
2.05658
-1.57819
0.869995
4.28313
0.741673
-3.66035
6.43723
12.2494
5.72986
2.5377
-2.39791
2.86232
0.841682
3.17958
0.504739
-0.590378
6.50824
-1.35283
4.81074
0.668301
3.70389
3.90469
0.560818
-0.910087
4.75853
2.59591
-0.717564
-0.513919
-8.50117
-0.439202
8.80709
0.66101
1.61873
-4.39468
-5.7354
3.78854
-7.39907
-0.255829
-2.50897
-2.61813
-4.14744
2.59493
1.67432
-0.620839
-6.26154
-1.44465
1.19346
2.13235
-2.35572
-0.583742
3.82202
-2.43302
-0.487552
-1.50193
0.351321
0.600572
1.98572
0.515678
1.43202
-0.796757
2.13609
-0.484998
-0.621453
-0.109014
-4.57603
0.550535
-0.809731
-0.900411
0.718239
-0.182574
1.13064
4.46595
-0.263041
0.60805
-1.21352
-2.45371
0.838435
-1.01656
1.10525
0.794636
0.0992634
-0.280215
2.39782
2.38181
1.09664
1.24364
-1.07389
-0.687048
0.426786
0.345321
-1.07336
0.30089
0.102592
-0.487934
-0.785601
-0.289039
0.0792253
294
-9.66074
-4.33864
-10.4479
2.87881
1.41941
4.81003
1.76435
-3.67964
-2.40854
0.105997
-6.86404
-2.76951
3.01075
4.96258
2.5345
-5.30309
-1.51535
-0.607927
2.43365
6.56263
-2.20214
3.2011
0.669257
-3.05392
-0.519851
-6.32052
0.545612
-0.0373339
7.63384
7.78158
5.9892
5.45423
0.731408
1.60428
-0.94811
-1.74333
-3.1685
-3.84071
2.08856
-1.72276
-2.65938
1.2174
3.41393
-0.0539827
2.7939
-0.273131
3.11555
-1.24667
-0.944021
-0.314957
-4.12119
7.03145
0.40515
-1.80817
0.447762
-11.6806
-4.87079
2.81473
-6.17451
5.87716
-1.82113
4.87143
2.81872
0.141697
8.92317
1.71145
-4.95757
-4.22446
4.93799
4.1789
-2.37544
0.989145
0.6626
0.933963
1.44228
-8.18655
0.627195
10.8097
5.5613
-7.43268
-1.48549
0.759434
2.45344
4.36557
2.14273
0.76326
1.67211
3.72183
-3.91025
-2.55309
-0.725409
-4.48387
-1.88599
-2.89295
-2.01142
2.02573
4.75316
-2.51917
-3.7583
0.673561
4.58271
7.32712
1.08813
-2.64447
7.29104
2.90666
5.63969
-2.01814
6.16801
-2.77288
-3.32115
-1.699
-3.41348
3.19036
0.462497
-2.46335
6.66301
2.14028
-3.50881
-1.22237
-1.54034
-2.67288
1.60766
0.614906
-2.65568
-2.28712
9.22446
0.1196
3.37995
-1.75196
1.10417
0.795442
0.295013
-3.42141
1.76257
2.34356
-0.231848
4.30611
-3.11486
-0.49224
2.13757
0.593468
-0.0253692
2.39585
-2.01652
-3.88779
-2.75512
0.95685
4.04474
-1.41464
8.25281
5.75481
12.1854
2.97556
1.36116
5.69138
5.1409
-4.12627
5.92019
-2.42683
1.96932
-0.300933
0.381546
0.0112494
-0.177437
-2.15757
-0.748275
-1.65033
1.34576
0.600744
-0.54093
1.6348
1.08505
0.40328
-0.940222
7.28858
0.0389312
-0.600023
11.105
5.59315
1.57895
1.72541
-2.18122
-2.22282
5.44177
0.342492
1.79781
7.83133
3.04929
-1.06125
6.39803
-1.81766
1.0785
0.892401
1.69191
-3.31555
-1.51703
2.97213
0.194368
-4.41835
6.93092
3.71209
-4.10392
11.0308
5.194
-2.0709
1.1547
1.91259
0.799587
2.83101
2.89886
-1.86436
6.88025
5.12678
-2.85191
3.70391
-3.68025
5.30121
0.933693
-2.23596
0.1617
2.07486
-0.126208
0.416294
-2.43995
-9.62245
-4.2388
1.4728
8.01261
-2.7681
0.762637
-0.922648
1.66609
2.59812
1.85287
4.6139
-3.71823
2.11087
-2.81373
1.93669
1.56526
-0.953415
2.42473
-1.84445
-0.975801
2.07317
2.52971
-2.23018
-1.44519
-0.327604
-0.971866
-1.26623
0.293708
0.614607
0.69053
0.508454
-0.00280798
-0.000424886
-0.136835
-0.920859
-1.08561
-4.79421
-0.00145608
-0.0492515
-0.223449
-1.53993
0.0789504
0.101947
1.84109
-2.24186
2.19747
-1.15943
-1.35231
1.05647
-1.97271
1.13885
-0.916741
0.842287
-1.25692
0.599736
-0.222223
0.287757
1.81018
-2.31843
-2.24837
0.631425
0.0133289
0.35007
-0.415729
0.24759
-0.170427
0.97888
-0.20943
-0.0228655
294
-3.91247
-1.4202
-3.95628
-1.61717
-0.109616
4.53463
3.34683
0.595778
-0.333423
0.813645
-1.1124
-1.19824
0.0710725
0.669394
1.83914
2.28069
0.781251
-1.8004
1.76945
-0.808634
2.90185
0.762322
0.844439
-0.819053
-0.394734
-4.26296
-1.39438
-5.45541
-0.934813
7.81005
8.08138
-0.467755
1.54521
-3.23296
1.76949
6.5882
-2.98829
1.00982
3.58342
-5.68496
2.25231
-1.00378
1.0231
-2.95274
-0.804566
-3.43867
2.11363
0.910601
-1.18518
-0.172602
-8.47728
-1.11875
10.2874
2.19462
-8.31736
3.84869
2.25227
-1.02608
0.715084
0.779953
-1.37116
3.42662
2.88943
-3.42945
0.290371
3.09874
-1.88471
-1.94857
0.544872
-0.0627275
-1.05095
0.744552
-0.0578512
1.01773
1.68237
-5.14056
2.43733
-3.09693
-7.1391
-1.20718
0.485618
0.633415
-0.800653
6.93857
-7.51044
1.56859
-4.45192
-3.76428
2.94053
0.961235
-7.63338
0.517886
1.08061
-3.54004
1.18621
0.804557
1.62171
0.178451
0.948398
-0.27743
-4.40293
-1.34323
-1.94799
1.55858
4.39817
8.51321
8.24614
-1.24963
-2.1533
-2.26151
-3.58272
-0.096139
-7.65813
-1.93994
-0.491723
2.8495
0.13948
-0.674605
3.45146
2.3871
4.14352
0.130087
-1.14626
-0.00553748
-1.1321
-8.7361
1.12632
-5.36737
-0.50781
-11.3692
1.9591
-4.05971
2.5591
-4.54639
4.75134
-0.381546
-3.01965
-0.702702
-3.83444
-3.29512
2.4676
0.337856
-2.45476
4.35808
-2.79816
-1.10682
0.368806
-1.95569
4.05257
-1.0779
10.1589
7.24724
6.37155
2.21362
5.12046
0.948435
3.4055
0.229376
0.932412
-2.97497
3.83418
-3.18081
-0.197133
3.6109
-0.163198
-1.1582
-0.302512
-2.73732
2.93077
0.478831
-0.339752
1.62869
1.3918
-1.49087
-0.454855
-6.30156
-3.64516
-4.12654
0.851136
-6.38727
-4.37011
-6.96355
3.67754
-4.53024
3.921
1.80619
-3.78138
-0.450333
1.46747
-0.0299565
1.85249
-0.834864
0.640033
3.8483
-1.16864
2.45614
-1.78532
-0.977054
1.25303
-2.06673
-1.78354
-7.99211
-3.38933
7.63044
9.24577
6.20063
3.02026
-3.37033
0.194926
-1.02983
4.64048
0.931655
-0.678824
1.03665
-1.34299
3.39634
-1.43965
5.20496
1.5527
-2.68527
0.83635
1.90013
-0.735677
-1.50974
1.61329
-7.28559
-1.23271
-2.55601
-2.05345
-6.13516
-1.98091
-4.8318
0.97534
-3.01746
4.26128
-2.22046
0.412632
-0.692733
-0.471111
0.0951288
1.06738
-1.45319
-0.117433
1.47536
0.144504
-0.446729
0.670892
-2.4053
0.872967
0.534315
-2.06095
-0.920644
0.159654
-0.0526328
0.0425821
0.957084
-1.91926
1.46292
-0.983423
-1.29515
3.39824
-6.4411
0.037627
-0.169849
-2.09399
0.282496
-0.0507265
2.46722
4.75478
-1.7119
0.298072
-0.480683
-2.08416
4.37193
-1.86655
-1.1676
0.236633
-2.02574
-2.0928
1.67734
0.130956
0.132581
2.2221
-3.52643
-1.89137
0.30068
0.215339
-1.76841
0.259163
0.058273
-0.361183
0.236093
-0.286703
-1.03269
