pca
128
-1.03098e-41
0.00026891
0.000142353
-0.052951
-0.0850152
-0.127834
-0.160827
-0.191743
-0.221351
-0.239086
-0.210163
-0.194996
-0.131464
-0.0539708
0.0108926
-3.90729e-41
0.0419528
0.0536145
0.000383801
-0.0927541
-0.139122
-0.181356
-0.17117
-0.181345
-0.190166
-0.188503
-0.163264
-0.139357
-0.127501
-0.0966131
0.00932982
-4.21121e-41
0.05834
-0.0156227
-0.0931292
-0.146055
-0.134842
-0.0957694
-0.062475
-0.0285889
0.0134088
0.0314097
0.0486849
0.0441927
-0.0295265
-0.0743442
-0.0406714
-4.28066e-41
0.0557832
-0.0291079
-0.0620649
-0.0354106
0.0318295
0.0948211
0.097743
0.0935034
0.106194
0.126505
0.118691
0.0857489
0.0534495
-0.0167734
-0.0221238
-4.3854e-41
0.0537854
0.00756098
0.0371777
0.0711313
0.0971659
0.123789
0.127168
0.10624
0.0946584
0.0597371
0.0317098
-0.0326745
-0.0350533
-0.0505347
-0.0269916
-1.12185e-41
0.0139521
0.0209492
0.000655241
-0.0525893
-0.0422419
-0.0162336
-0.0320041
-0.0239523
-0.0614996
-0.113053
-0.138196
-0.110862
-0.0935454
-0.0679027
-0.0101783
8.32227e-42
0.00803312
0.0261343
0.0041829
-0.060554
-0.108617
-0.133539
-0.149266
-0.17359
-0.17245
-0.151433
-0.104617
-0.0518731
-0.0322944
0.0112425
0.0122136
4.7239e-42
3.57895e-41
4.80258e-41
4.46907e-41
-2.83497e-41
-4.79648e-41
2.64978e-41
1.72295e-41
4.82635e-42
-3.25188e-41
3.41816e-41
-4.96862e-41
-3.88105e-42
2.17961e-41
-1.32223e-41
4.38888e-41
4.67556e-42
128
-9.53828e-42
0.0276439
0.00298844
0.0156848
0.0283345
0.028107
0.0646854
0.039805
0.0189905
-0.00681907
-0.0496524
-0.0735963
-0.0976079
-0.090191
-0.0251884
-2.6478e-41
0.0724968
0.0546928
0.103422
0.0726553
0.0571748
0.0281744
-0.0238742
-0.0601097
-0.0870662
-0.131785
-0.136448
-0.112301
-0.101598
-0.129723
-0.0798039
-2.70388e-41
0.113548
0.0733987
0.00513844
-0.0511295
-0.0697733
-0.0949634
-0.157202
-0.185003
-0.186189
-0.175997
-0.145035
-0.0798657
-0.0755436
-0.107672
-0.0684864
1.31428e-41
0.100783
0.0733811
-0.0343131
-0.157674
-0.165089
-0.146864
-0.145811
-0.164175
-0.14519
-0.0889937
-0.0129655
0.0120687
-0.0726983
-0.148624
-0.128121
-1.18161e-41
0.0881801
0.077047
0.0184764
-0.0268192
-0.0354768
-0.0211574
-0.00151189
0.0255395
0.0499715
0.0388351
0.0706496
0.0377438
-0.0187174
-0.0610923
-0.00192344
2.19414e-41
0.0923863
0.174672
0.168771
0.135938
0.157363
0.165769
0.186198
0.174378
0.114253
0.0395817
-0.0136051
-0.056076
-0.0773169
-0.0436015
-0.00787473
-1.67496e-41
0.0517712
0.141481
0.169169
0.166506
0.187737
0.195646
0.162237
0.123183
0.0639417
-0.0160369
-0.0677299
-0.0334712
-0.0257714
0.00157003
0.0520317
-2.93145e-41
-1.53356e-41
3.10441e-41
-6.77399e-43
3.88234e-42
6.36829e-42
-8.39919e-42
-6.60648e-42
1.722e-41
6.83569e-42
1.02284e-41
-1.46678e-41
-2.25203e-41
5.26164e-42
6.51557e-42
-4.19347e-42
3.43328e-41
128
4.08143e-41
0.0757596
0.138225
0.127461
0.090833
0.0575754
-0.0415856
-0.0808208
-0.0852209
-0.0622124
-0.0135609
0.0127713
0.0981032
0.0504712
-0.0165796
-3.81544e-41
-0.0606003
0.0736147
0.133088
0.123033
0.0910918
0.00134256
-0.0449573
-0.116258
-0.081893
-0.000316643
0.100274
0.180273
0.18186
0.0899377
0.00482055
9.31186e-42
-0.0581031
0.0848172
0.117804
0.0470318
-0.0567587
-0.0585371
0.0327427
0.0503574
0.0553715
0.0945415
0.137747
0.19372
0.133844
0.0902306
0.0603694
-1.84184e-41
-0.0893897
0.0609892
0.0836884
-0.0405067
-0.146744
-0.0924297
0.00229284
0.0360137
0.0566461
0.118627
0.0984709
0.0246001
-0.0567959
0.0263537
0.0800504
-3.35693e-41
-0.0674587
0.0112826
0.0632645
0.0614602
0.00885744
0.0343142
0.0699803
0.0953146
0.0690394
0.0293349
-0.0947867
-0.125591
-0.0737569
0.100231
0.183273
-1.40166e-41
-0.00174253
0.0120411
0.160686
0.180678
0.156495
0.128133
0.0672063
-0.0159967
-0.0940828
-0.112109
-0.0970288
0.0197903
0.143093
0.221243
0.235167
9.13106e-42
0.0558432
0.0841695
0.154223
0.159249
0.0718338
0.0445617
-0.00854712
-0.0802747
-0.113938
-0.109769
0.0100948
0.128318
0.234497
0.263718
0.159492
2.69166e-41
3.91556e-41
3.4338e-41
-4.07189e-41
2.52915e-41
3.89903e-41
-1.51497e-41
-3.06615e-41
3.5106e-41
-2.12289e-41
-6.3258e-42
-1.89957e-41
-3.54939e-41
3.86151e-41
8.80554e-42
-1.25891e-41
-3.02695e-41
128
3.06113e-41
0.0205242
-0.0896927
-0.186628
-0.232189
-0.272507
-0.211379
-0.147382
-0.0509115
-0.0163886
-0.00035383
0.0288324
0.0411438
0.0514496
0.0259319
-1.72522e-41
0.0385318
-0.0585343
-0.131234
-0.195483
-0.196216
-0.184645
-0.146288
-0.123679
-0.068253
-0.0174424
0.0283269
0.0404526
0.0448947
0.0915104
0.072474
2.28317e-41
0.0658548
0.0915917
0.0259626
-0.015733
0.0781713
0.0770632
0.0400505
-0.0180591
-0.0549222
-0.0751302
-0.0593522
-0.126081
-0.0760718
0.0197658
0.118722
-1.89684e-41
0.109851
0.137663
0.0503316
0.00691808
-0.00248059
-0.0507276
-0.0339624
-0.037753
-0.0540142
-0.114488
-0.182703
-0.201644
-0.100587
-0.00141646
0.0356972
1.16986e-41
0.102828
0.0940438
-0.0204633
-0.126372
-0.161666
-0.109701
-0.115761
0.0143352
0.0985156
0.0802549
0.0103834
0.016644
0.073892
0.135702
0.0897729
-1.65188e-41
0.118467
0.11533
0.0315174
-0.0361628
-0.065915
-0.0563822
-0.0229125
0.0518008
0.0700108
0.144985
0.147558
0.187715
0.184666
0.124037
0.0990175
2.11905e-41
0.0279788
0.0868008
0.0591209
0.0248663
-0.0551858
-0.0485172
-0.0155732
-0.0361766
-0.0142625
0.0685628
0.142952
0.173142
0.125373
0.104442
0.0607561
2.94188e-41
5.61798e-42
-2.70769e-41
-1.7284e-41
-1.48907e-41
2.70844e-41
1.71422e-41
5.14421e-42
-1.18098e-41
2.53269e-41
-7.54781e-42
1.70459e-41
-4.50902e-42
4.50986e-42
1.01486e-41
-8.90568e-42
-1.51311e-41
128
-1.39769e-41
-0.10065
-0.0871154
-0.166548
-0.149846
-0.0829189
-0.0445359
0.0302665
0.0512326
0.0834792
0.0871037
0.13431
0.186397
0.128704
0.00891513
1.53209e-41
-0.0387519
-0.0957286
-0.145698
-0.178021
-0.162144
-0.148343
-0.10795
-0.0488505
-0.02974
0.0145694
0.0809198
0.148243
0.201192
0.181213
0.137332
-1.44244e-41
-0.0839932
0.0071586
0.000920485
0.0174837
-0.0285262
-0.0417007
-0.0739844
-0.15315
-0.115254
-0.0848024
0.0338479
0.121613
0.206717
0.187797
0.130996
2.91957e-42
-0.0566745
0.0763036
0.0967698
0.0405341
0.024049
0.0241318
-0.0142641
-0.0607683
-0.0481496
0.0497045
0.128382
0.198586
0.234333
0.10299
0.0338741
-2.53847e-42
-0.00651236
0.108582
0.0868577
0.0307234
0.0453137
0.08281
0.121321
0.0931188
0.062202
0.0270523
0.0673972
0.101589
0.0491369
-0.0690678
-0.151113
8.95633e-42
-0.0376683
-0.00349074
0.0413927
0.109926
0.144614
0.133341
0.142855
0.107562
0.0685934
-0.0285289
-0.098654
-0.0965895
-0.100551
-0.142078
-0.135959
-8.3538e-42
-0.0968671
-0.0365972
-0.00580714
0.0870388
0.092347
0.0880161
0.0463777
0.00345282
0.00556489
0.0351749
-0.0609995
-0.0669256
-0.0918218
-0.0882435
-0.111067
1.74725e-41
1.67661e-41
-9.05233e-43
1.91418e-41
-2.29316e-41
-1.11746e-41
-1.46734e-41
5.97815e-42
-2.16226e-41
-1.37267e-43
1.25206e-41
5.58949e-42
1.5285e-42
-1.72334e-41
-2.06743e-41
-1.13875e-41
4.55592e-42
128
-1.87431e-41
0.199769
0.186918
0.114474
0.100778
0.042997
-0.0638926
-0.116819
-0.177673
-0.15579
0.00467914
0.0378285
0.109907
0.187984
0.144913
-1.39219e-41
0.165245
0.314928
0.210951
0.0615851
-0.0213095
-0.0565934
-0.0793153
-0.0707376
-0.0871493
-0.0841238
-0.0801352
-0.0292023
-0.0103113
0.181068
0.212029
5.61394e-42
0.0967619
0.219656
0.165605
-0.0187368
-0.0542165
0.00226842
0.0317853
0.0497787
-0.00153409
-0.0706444
-0.105436
0.0284283
0.052063
0.161668
0.0745983
2.08373e-41
0.0154998
0.0583968
0.046638
0.0052005
0.025749
-0.00265905
0.023414
0.0322495
-0.0549979
-0.129723
-0.0801936
0.00668326
0.105146
0.0573376
-0.0680763
-7.81173e-42
-0.0308734
-0.110516
-0.0986725
-0.0694344
-0.10765
-0.149754
-0.13701
-0.16746
-0.152735
-0.187086
-0.0587814
0.0390585
0.0253503
-0.11559
-0.150705
-1.81242e-41
-0.0683454
-0.118121
-0.0842624
-0.0721393
-0.0556742
-0.0963134
-0.0824438
-0.0572907
-0.0385429
0.00242071
0.0250215
-0.00447453
-0.0765809
-0.0857539
-0.101139
-2.59531e-41
-0.0504181
0.0188557
0.107712
0.123975
0.108078
0.0931213
0.0326439
-0.0426593
-0.0295309
0.0290246
-0.0276034
-0.0537385
-0.0494962
-0.0513492
-0.0860294
2.35878e-42
6.74493e-42
2.04137e-41
1.60298e-41
7.19791e-42
5.75499e-42
-6.02139e-42
1.39029e-41
7.70509e-42
-6.64623e-42
2.03952e-41
-9.02089e-42
4.01672e-43
-2.67827e-42
2.26172e-41
1.22192e-41
-1.4362e-42
128
2.21455e-41
-0.0917718
-0.108647
-0.0277646
-0.00243789
-0.0204911
-0.051663
-0.0714106
-0.0443423
-0.0241897
-0.0105549
0.0139106
-0.0573669
-0.13573
-0.0967033
1.70929e-41
-0.0403501
-0.202227
-0.229276
-0.0939617
-0.0263569
0.0553515
0.036322
-0.0511738
-0.0490862
0.00799788
0.022576
-0.0200838
-0.0494288
-0.0950957
-0.0711674
1.9693e-41
-0.00322265
-0.110281
-0.00615
0.119884
0.155559
0.152987
0.144796
0.00811839
-0.00106601
0.0396206
0.129313
0.148684
0.121648
-0.000681398
0.0296452
-1.76187e-41
0.0701194
-0.00240712
0.0421484
0.047829
0.0470936
0.035565
0.00715015
-0.065738
-0.00570671
0.032487
0.126154
0.0881681
0.0255674
-0.011192
0.0682041
-1.92478e-41
0.127731
0.108774
-0.0650999
-0.211667
-0.232616
-0.211249
-0.194028
-0.262977
-0.209575
-0.0886926
-0.0700647
-0.187185
-0.218147
-0.137445
-0.0104847
5.81481e-42
0.0629629
0.102602
0.0500084
-0.00945271
-0.0548071
-0.0667551
-0.0433476
-0.0934042
-0.187547
-0.129372
-0.0513532
-0.144573
-0.125302
-0.0297633
0.0170222
3.21829e-42
0.0772504
0.141265
0.166888
0.171622
0.0917907
0.0886657
0.0539455
0.0180405
-0.0562365
-0.0955641
-0.116646
-0.0494963
-0.0183951
0.0141117
0.00846373
5.14925e-42
-1.97877e-42
1.04928e-41
3.95483e-42
-2.56984e-41
2.27542e-41
-2.35707e-41
2.95955e-41
-3.18743e-41
1.77816e-41
1.60027e-41
-2.10417e-41
2.18298e-41
-2.21952e-41
8.01712e-42
6.35691e-43
2.37434e-41
128
1.79225e-41
0.0805823
0.0276713
-0.0539046
-0.0338413
-0.0515947
-0.025005
-0.054814
-0.00647508
0.00347058
-0.0150797
-0.0871626
0.00976041
0.0105398
-0.0198902
1.65716e-42
-0.115956
-0.0321728
-0.0138386
-0.0315077
-0.0839959
-0.0384822
-0.0520196
-0.0288572
-0.046642
-0.0861858
-0.119543
-0.0869398
-0.0667627
-0.111249
-0.0912087
5.75348e-42
-0.196678
-0.00743948
0.150678
0.182195
0.0416777
-0.0617539
-0.153741
-0.130126
-0.167827
-0.0930846
-0.00389762
0.0686908
0.0274319
-0.11945
-0.199288
1.79071e-41
-0.190471
0.0340776
0.248429
0.23049
0.00424514
-0.181369
-0.227606
-0.151968
-0.124874
0.0694793
0.0977413
0.142882
0.0969565
-0.0704232
-0.091797
5.61323e-42
-0.246311
-0.19632
-0.0138462
-0.0685884
-0.146846
-0.151296
-0.100614
-0.0603013
0.0194942
0.107534
0.00166635
0.046308
0.0656813
0.0526975
0.126026
2.3796e-42
-0.183771
-0.204379
-0.111606
-0.0895322
-0.0535516
-0.0288161
0.0238778
-0.0074283
-0.0273973
-0.0483218
0.0448002
0.0355807
0.0483563
0.0975852
0.118762
1.68091e-41
-0.0548657
-0.153253
-0.131137
-0.125655
-0.0169399
-0.0110896
0.0233381
-0.00336239
-0.0338045
-0.0328839
-0.0928764
-0.0461312
0.0141927
0.0320467
0.0826809
1.68499e-41
-1.22143e-41
-2.46552e-41
2.86548e-41
1.19125e-41
8.43066e-42
-1.40932e-41
2.09701e-41
4.83165e-42
-1.84616e-41
2.14761e-41
-1.18569e-41
5.75351e-42
-2.12855e-41
-6.16397e-42
-2.53029e-42
-6.96312e-43
128
-1.03576e-41
-0.0405751
3.55579e-06
0.100816
0.0365039
-0.0159154
-0.0338682
-0.0573438
-0.0124235
0.00829898
0.043093
0.0793586
0.110303
0.0683603
0.0212733
9.70649e-43
0.0116227
0.0479187
0.0430966
0.0868844
0.0357286
0.0888762
0.151725
0.106263
0.0224931
0.0768414
0.0498737
0.00431955
-0.00809683
0.0293603
0.0542474
5.2619e-42
0.100204
0.135464
0.0435651
0.133583
0.161372
0.194143
0.133362
0.0785147
0.0553278
0.0483509
0.0133018
-0.0320033
-0.0877032
0.00973393
0.0735303
-1.95377e-41
0.094986
0.103989
0.00584948
-0.0490905
-0.0726218
-0.026802
-0.0657541
-0.0906353
0.0116063
0.0655988
0.0607963
-0.0165768
-0.0729882
-0.0486491
-0.0374614
-1.46275e-41
0.0869101
-0.0271851
-0.129095
-0.122542
-0.118436
-0.0308489
0.0361278
-0.0105787
0.121146
0.306995
0.331497
0.251421
0.146219
0.0333398
0.0338546
-2.38523e-41
0.0545272
0.0363589
0.0143974
0.0206874
0.0778707
0.134901
0.093665
-0.00442195
-0.0496573
-0.0268365
0.0274955
0.0111874
-0.0505282
-0.0270839
0.0670566
-6.03164e-42
0.0647374
-0.00348576
-0.0112825
-0.0685515
-0.0698559
-0.0965701
-0.127811
-0.209159
-0.282563
-0.244821
-0.223576
-0.204771
-0.143532
-0.112443
-0.0797053
2.32486e-41
1.36348e-41
6.09496e-42
1.33579e-41
1.99517e-41
-1.48586e-41
-1.64561e-41
-1.07167e-41
1.30059e-41
-7.24107e-42
-1.37166e-42
1.16074e-41
1.79479e-41
-1.81059e-41
3.13488e-42
-1.82773e-41
-1.77496e-41
128
-5.05979e-42
-0.0830181
-0.0600899
-0.074713
-0.00312875
-0.00129414
-0.00764196
-0.00417649
0.0394936
0.0343472
-0.00433752
0.00418813
0.107148
0.175216
0.0864714
-9.67874e-42
0.0975572
0.00239254
-0.0739532
-0.0332787
0.00657083
0.022141
0.0483662
0.0494899
0.0530604
0.031519
0.0440006
0.0239231
0.0428236
0.118112
0.181395
7.48876e-42
0.133147
0.0661978
-0.0849847
-0.0661749
-0.0429901
-0.0867883
-0.150611
-0.155915
-0.0270533
0.044058
0.0586246
0.084072
0.0238873
0.0315235
0.027809
-1.99825e-41
0.151174
0.0223545
-0.193308
-0.214038
-0.192374
-0.146912
-0.101396
-0.13664
-0.0643909
0.0711863
0.0314486
-0.0569916
-0.186835
-0.195832
-0.048771
-2.73708e-41
0.0356853
-0.0701734
-0.279135
-0.202188
-0.0506162
0.0251337
0.0641726
0.124073
-0.0579349
-0.165252
-0.196404
-0.266575
-0.207482
-0.110799
-0.0178299
-6.08597e-42
0.0273419
-0.118998
-0.144995
-0.111233
0.0258805
0.0712925
0.0695513
0.0244642
-0.0609071
-0.0894963
-0.0989715
-0.0380569
0.00471048
0.0758744
0.0480914
-1.41501e-41
-0.0707355
-0.171136
-0.197581
-0.187233
-0.115791
-0.0485966
-0.00549559
0.0355601
-0.0272004
-0.0287028
-0.063705
-0.00261813
0.0442518
0.00822254
0.0743018
2.3186e-41
1.87519e-41
3.26907e-41
1.4564e-41
1.69187e-41
1.14581e-42
-2.0761e-41
1.32233e-41
1.21257e-41
-3.17521e-41
1.10102e-41
-1.86163e-41
-2.04674e-41
2.2434e-41
-1.68449e-41
-1.79398e-42
-1.31e-41
128
-1.3936e-41
-0.0429848
-0.024116
-0.0891367
-0.0766164
-0.0547646
-0.0765924
0.0220985
0.00980207
-0.0374339
-0.053935
-0.0937757
-0.138025
-0.0882308
-0.00368551
-4.56685e-42
-0.00287475
-0.0480808
0.0241094
0.144934
0.163128
0.100222
0.0215582
-0.0493114
-0.0542647
-0.0884848
-0.134247
-0.142888
-0.130521
-0.039512
-0.0272623
-5.0456e-42
0.0118301
0.0726164
0.183714
0.241588
0.269204
0.220478
0.177774
0.0466165
-0.0175331
-0.0396612
-0.0960962
0.135618
0.187851
0.17305
0.00650947
-1.72478e-41
0.0544841
0.131877
0.0370903
-0.0600444
-0.0425251
0.0726024
0.126342
0.108812
0.0308366
-0.0198153
-0.0412527
0.100078
0.144647
0.0462065
-0.0792963
1.16103e-42
-0.00447793
-0.0738573
-0.183912
-0.0892802
0.0299265
0.104534
0.107221
0.0993144
0.174179
0.0752514
-0.0706388
-0.074065
-0.183234
-0.211715
-0.107151
1.83499e-41
-0.0283749
-0.0825059
-0.0140771
0.0950477
0.103902
0.0686727
0.0589619
0.0943588
0.185821
0.0937846
0.098646
0.0431199
-0.0557389
-0.0416262
-0.0156153
1.3969e-41
-0.00752236
-0.13402
-0.0837272
-0.0117007
-0.0746485
-0.0375936
-0.0581408
-0.0212188
0.0493599
0.159979
0.206382
0.0857607
0.064247
0.0708939
0.0956409
-1.2375e-41
1.62088e-41
-1.43789e-41
2.31008e-41
-7.16537e-42
7.31294e-42
-6.39006e-42
7.92758e-42
-1.37591e-41
-2.22082e-41
2.1424e-41
-3.10518e-42
1.47978e-41
1.4995e-41
-1.56372e-43
-1.4287e-41
-9.44549e-42
128
-2.70628e-42
-0.044153
0.0676741
-0.0150657
-0.0176685
-0.0374251
-0.0446991
-0.130238
-0.0745006
-0.0919944
-0.103981
-0.0334107
0.0434285
-0.0230869
-0.038285
5.55601e-42
0.0363852
0.0660676
0.0610043
-0.00166
-0.150575
-0.075581
-0.0635699
-0.0306699
0.0622665
0.100696
0.06804
0.0479398
0.0540541
0.0466478
0.0147648
3.14188e-41
-0.0504087
-0.17954
-0.177385
-0.12181
0.0191354
0.0730667
0.121822
0.170914
0.254431
0.240056
0.210569
0.0387568
0.06008
-0.0743471
-0.100648
7.94197e-42
-0.123954
-0.228752
-0.0646391
0.0389627
0.09411
0.0341275
0.00652035
-0.0247875
-0.0227783
0.0081481
-0.0263175
-0.057982
-0.0355247
-0.178872
-0.152304
2.28527e-41
-0.0782893
-0.156261
-0.061253
-0.0640199
-0.0515484
-0.0426942
-0.0395981
-0.00593922
0.0273019
0.0520395
0.075394
0.0474148
-0.11368
-0.131999
0.0364613
1.41965e-41
-0.0736086
-0.0432467
-0.0721432
-0.0705694
-0.0529735
0.154185
0.224382
0.255306
0.296389
0.223805
0.117063
0.0140909
-0.0645155
0.0189475
0.0810314
-1.60453e-41
-0.120527
-0.00517214
0.0342068
0.111514
0.117881
0.158407
0.139787
0.0418498
0.0145359
0.0652528
-0.0746527
-0.13643
-0.0281374
0.0474248
0.100119
1.74907e-41
1.82204e-41
-8.67836e-43
3.63449e-42
4.06357e-42
1.31775e-41
-3.19135e-41
2.54371e-41
-1.27307e-41
-2.80067e-41
-1.439e-41
-1.07751e-41
2.46628e-41
-2.30403e-41
-2.04286e-41
1.65428e-41
-2.43208e-41
128
8.81869e-42
0.19373
0.11717
0.028876
-0.10188
-0.187438
-0.137773
-0.00936961
0.124326
0.0976698
0.020418
-0.0966866
-0.175653
-0.0541975
-0.126313
-1.55795e-41
0.154973
0.136758
-0.0156131
-0.0869768
-0.0437426
-0.0862721
-0.0457601
0.0605909
0.156406
0.154844
0.0650834
-0.0623971
-0.0567326
-0.125677
-0.146202
-7.99785e-42
0.0227456
-0.00362364
0.00399244
-0.0250953
-0.0473852
-0.00345303
-0.0201456
-0.0232061
0.0589095
0.0774455
0.115525
0.142495
0.162107
0.102445
-0.0632374
6.75015e-44
-0.0386791
-0.10146
-0.155052
-0.208086
-0.230351
-0.166184
-0.114318
-0.0958139
-0.0400085
0.0934289
0.14621
0.107402
0.0513821
0.106424
0.0703214
-1.16396e-41
-0.0580773
-0.142699
-0.205419
-0.0366412
-0.0144937
0.0212705
-0.00444544
0.0125991
0.00307017
0.0153235
-0.0231745
-0.00520695
0.0720142
0.108451
0.03366
-1.5754e-41
-0.000876951
0.0378204
0.0575594
0.0962374
0.055804
-0.042202
-0.124612
-0.101031
-0.0251737
0.0799762
0.0396356
0.0824862
0.0989535
0.049094
-0.0663503
1.39161e-41
-0.0886065
0.120573
0.16076
0.0809322
0.00224867
-0.0813505
-0.0835731
-0.0275152
0.0370465
0.131019
0.130727
-0.028128
-0.112177
-0.193878
-0.322463
-2.30511e-41
1.81661e-42
-8.96826e-42
6.94883e-42
1.59411e-41
1.35792e-41
1.17318e-41
8.81522e-42
7.5568e-42
2.63087e-41
2.48653e-41
1.90086e-42
2.52113e-43
2.04361e-42
2.17085e-41
-6.5644e-42
-1.22546e-41
128
-1.48017e-41
0.0476297
0.143971
0.0997188
0.0311896
-0.0794178
-0.137988
-0.0639844
0.0384291
0.0253133
0.14964
0.142054
0.141345
0.206682
0.0221336
3.94526e-43
-0.111744
-0.0155747
0.00547055
-0.0636094
-0.0332083
0.044094
0.0660256
0.0809548
0.0970808
0.0463317
-0.0710135
-0.146512
-0.0623826
0.10527
0.116354
-1.31754e-41
-0.224998
-0.244919
-0.00692748
0.0678658
-0.0189434
0.0189222
0.0118407
-0.0324125
-0.0363321
-0.0855751
-0.201798
-0.166197
-0.0648298
0.00585854
0.0131484
-1.05267e-41
-0.195081
-0.272973
-0.082036
0.0952107
-0.0168924
-0.0406866
-0.105785
-0.102039
-0.017995
-0.00585646
0.0486808
0.0694913
0.0191196
-0.0853032
-0.141954
-1.40769e-41
-0.0195344
-0.0993015
-0.0750747
-0.0340581
0.0803136
0.0516486
0.0395715
0.0361842
0.122253
0.0381321
-0.0240055
-0.139805
-0.0397749
-0.10778
-0.13454
8.03478e-43
0.140182
0.168198
-0.00449437
0.00488878
0.00509062
-0.00787529
-0.030137
-0.0252954
-0.017707
0.00619906
-0.0306116
-0.123152
-0.0751804
-0.0848155
-0.0385651
1.74523e-41
0.223608
0.246399
0.175358
-0.00414638
-0.0539834
-0.120759
-0.15141
-0.107526
-0.0485031
0.0800255
0.0848329
0.104518
0.0495133
0.117576
0.147907
-4.60293e-42
1.09922e-41
2.46451e-42
9.77461e-42
1.60742e-41
-1.20484e-41
-2.90216e-42
4.75219e-42
1.08264e-41
-4.39171e-42
-7.71862e-42
1.0202e-41
-1.31573e-41
4.84057e-42
-9.46546e-42
8.22682e-43
4.484e-42
128
1.84027e-41
0.0263978
0.246291
0.16927
0.0605959
-0.0529112
-0.11562
-0.0441948
0.0629446
0.0769334
0.125002
0.123426
0.00526234
-0.111647
-0.140425
2.20934e-41
0.0652708
0.0585341
-0.00269509
-0.0122142
0.0331196
-0.0935123
-0.178252
-0.17078
-0.0427694
0.0906991
0.169188
0.106311
0.0254121
-0.0989914
-0.237459
-2.72977e-42
0.116772
-0.0219445
-0.149023
-0.048821
0.167466
0.201269
-0.00986147
-0.143314
-0.205163
-0.210206
-0.0311106
-0.0364275
-0.000749656
-0.0488192
-0.00695099
2.01354e-41
0.0893939
-0.0535088
-0.0930289
0.0168626
0.238823
0.22777
0.0269309
-0.111256
-0.23391
-0.161594
-0.104396
-0.0445326
-0.0778373
-0.00298318
0.0889644
1.82525e-42
-0.00821632
-0.131716
-0.0926019
0.108631
0.127772
0.0131548
0.0296113
-0.00840302
-0.0852865
0.03302
0.083961
-0.058503
-0.0689907
-0.003194
0.0792996
-1.8414e-41
-0.109049
-0.172493
-0.0654606
0.0736289
0.0886526
0.0879906
0.0625682
-0.0643741
-0.0821368
0.00289571
-0.063048
-0.145798
-0.0469931
-0.0123409
-0.0177601
8.57233e-42
-0.0933077
-0.0726841
-0.046643
-0.0365287
0.0209159
-0.0633928
-0.0565172
-0.0938189
-0.103592
0.0451389
-0.0409045
0.0587414
0.0917461
0.0611949
0.0302423
6.45415e-42
-1.91132e-41
-3.25265e-41
-1.1753e-41
1.82333e-41
-1.32889e-41
-7.80361e-42
1.60059e-41
9.72947e-42
1.7709e-41
1.14073e-41
4.20277e-42
-6.85704e-42
-2.16163e-41
-6.58341e-42
-1.50381e-41
1.70794e-41
128
-2.25424e-41
0.07726
-0.0513068
-0.0672142
-0.134547
-0.14908
0.0110801
0.0722232
0.0266397
-0.019878
-0.0876601
-0.0179144
0.0765789
0.0744092
0.151971
-5.28709e-43
0.102337
0.00716824
0.034211
0.0306982
0.0151874
-0.0155483
-0.0565401
0.0282336
-0.0687309
0.0679422
0.0758924
0.079039
0.0678433
0.0507377
0.145953
-4.31842e-42
0.00943522
0.0185031
0.0235857
0.0332362
0.148752
0.104371
-0.0412165
0.0235822
0.00433871
0.041157
0.0492846
0.153326
0.0723655
-0.122875
-0.283244
-2.20077e-41
-0.00810868
-0.0570928
-0.0787312
-0.135952
-0.0356778
-0.118865
-0.0783337
-0.0256776
-0.0198164
-0.0279947
-0.059063
8.47284e-05
-0.00245927
-0.176151
-0.268628
4.93515e-42
-0.0189737
0.111974
0.263852
0.200026
0.129809
-0.0135792
-0.125249
-0.196657
-0.218134
-0.0479227
0.0953007
0.117575
-0.0313352
-0.123344
-0.0363753
2.46094e-41
-0.0430081
0.130687
0.257617
0.244846
0.087257
-0.0433868
-0.146846
-0.124951
-0.103398
0.066578
0.0997855
-0.0563072
-0.134353
-0.0696239
0.0566181
-2.639e-41
-0.0596636
-0.106392
-0.0903476
-0.0549278
-0.163119
-0.154153
-0.0941933
0.00130004
0.00239147
0.0467485
0.0333182
0.019547
0.0332829
0.0715405
0.0918506
5.34673e-42
1.65326e-42
4.87981e-42
3.11773e-41
-2.4704e-41
-2.584e-41
1.18381e-41
2.88891e-42
2.87624e-41
2.74716e-42
-1.31911e-41
-2.60221e-41
-4.47715e-42
2.33418e-41
1.53111e-42
1.70907e-41
-2.12017e-41
128
2.07661e-41
-0.116162
-0.05888
0.0615448
0.122156
0.0524937
0.0479248
0.0234074
0.0895103
0.064911
0.000367449
0.0226736
0.0837097
0.0470166
-0.0582459
6.82214e-42
0.065639
-0.0360308
0.0946326
0.039205
-0.00958101
-0.06028
-0.0754265
-0.0595103
0.0669878
0.0756996
0.0376369
0.0532191
0.0846177
-0.0544953
-0.143887
9.79414e-42
0.0986244
0.103524
0.110515
0.0678017
-0.110643
-0.189011
-0.170779
-0.269796
-0.11121
0.104195
0.150028
0.186162
0.221885
0.0404285
-0.14494
3.59309e-42
0.0852475
0.0211914
-0.00958094
0.0397879
0.137511
0.121179
0.125242
0.00700072
0.0131312
0.0356024
-0.0167712
0.102203
0.0753763
0.0126363
-0.149021
1.64905e-41
0.180723
-0.053663
-0.0832323
-0.0872187
0.0909042
0.129177
0.0355511
-0.0323482
-0.0971111
0.107886
0.0890827
0.0844337
0.0496952
-0.0977523
-0.0825886
-2.81491e-42
0.229183
0.062579
-0.0918953
-0.206824
-0.109264
-0.106619
-0.114629
-0.0674063
0.0503619
0.225472
0.239613
0.0937464
0.0330599
0.0177857
0.143645
2.20571e-41
0.237767
0.194377
0.0202226
-0.0520757
-0.0222191
0.0159789
0.000434716
-0.0268378
-0.0222039
0.015707
-0.0835496
0.0159878
0.0760465
0.0766088
0.100241
-1.80677e-41
6.77785e-43
-4.60673e-42
-1.69026e-41
9.395e-42
-6.16353e-42
2.16229e-41
2.27184e-41
9.78397e-42
-1.94378e-41
-1.90163e-41
8.81477e-42
-1.60384e-42
1.00585e-41
-2.55949e-41
-1.32084e-41
8.16293e-43
128
-1.11294e-41
0.119828
0.143903
-0.0172503
-0.11136
0.0645677
-0.0210887
-0.00333238
0.0867743
0.110672
0.134586
0.168235
0.0613915
-0.078962
-0.139108
2.54213e-42
-0.0833517
0.0657893
0.0574987
-0.0971259
-0.115395
-0.119293
-0.0942907
-0.00751707
0.0527465
0.0405547
0.0722578
0.0401399
0.0465445
0.0107208
-0.14323
-2.34443e-41
-0.149646
0.119757
0.207585
0.0121379
0.0628923
0.0459515
-0.0317645
-0.0466649
0.0312066
0.105529
0.0175761
-0.0497057
-0.202312
-0.227947
-0.143457
-1.2339e-41
-0.0329091
0.299678
0.260414
-0.0571721
-0.153357
0.0191051
0.174273
0.146854
0.124913
0.0810163
-0.0256044
-0.108667
-0.160253
-0.236115
-0.123854
7.47636e-43
-0.0388669
0.0927737
-0.0214422
-0.102784
-0.00551873
0.149185
0.170968
0.0570318
0.026784
-0.0539938
-0.0440746
-0.115542
-0.157224
0.00384932
0.00705239
9.82247e-42
0.0432763
-0.0225724
-0.0414999
-0.0577056
-0.107984
-0.0473966
-0.0477566
-0.0648924
-0.00633533
0.00522199
-0.0205453
-0.0805523
-0.12212
-0.145928
-0.0674232
2.62143e-41
-0.0956961
-0.0379297
0.102573
0.162694
0.0541937
-0.0825983
-0.0502187
0.0278765
0.035719
0.0261739
0.0227927
-0.0964427
-0.15921
-0.0266339
-0.000609083
8.8833e-42
1.27182e-41
1.44137e-41
1.91805e-42
-2.03637e-41
1.00168e-41
-1.62591e-41
-1.29532e-41
-2.55289e-41
-1.04033e-41
1.36081e-41
6.89523e-42
-3.22779e-42
-2.49209e-41
-1.84813e-41
-1.1708e-41
-2.06541e-42
128
-1.41382e-41
0.0564965
-0.017856
-0.00538502
-0.0740328
-0.0981418
-0.00983874
0.048714
0.0658658
0.0751134
0.133792
0.0711978
0.056104
0.0311158
0.00143643
-1.76746e-42
0.252398
0.179914
-0.0795679
-0.153897
-0.104874
0.0194863
0.148706
0.25756
0.214382
0.0872399
0.0412613
-0.111258
-0.102553
-0.136228
-0.0682077
3.27483e-41
0.176348
0.143729
-0.12261
-0.19619
-0.0670025
-0.0501207
-0.0190951
0.0370449
0.0510707
0.00411038
-0.163994
-0.0622959
-0.00715488
0.0461009
-0.0371077
1.65044e-41
0.087102
0.208126
0.0451406
0.00872551
0.0914719
0.0283353
-0.0125209
0.0352478
0.123754
0.128321
0.0286711
0.148433
0.13736
0.176407
0.143919
1.11113e-41
-0.118075
-0.0317054
0.102485
0.0770255
-0.079846
-0.0918671
-0.0409357
0.0114723
0.0650876
0.0928843
0.0624829
-0.047188
-0.123329
-0.229338
-0.062709
-1.87013e-41
-0.116679
-0.0219706
0.0979907
-0.00152488
-0.110197
-0.0487663
0.0441983
0.0601599
0.0486837
-0.0501289
0.00801011
-0.0819623
-0.0774276
0.0850042
0.242427
6.31645e-42
-0.0484878
-0.0657447
0.0918453
0.0323869
0.0601965
-0.0922349
-0.000113193
0.0795595
0.0300849
-0.0533085
-0.0603699
0.0231222
0.086558
0.179761
0.238845
-7.09085e-42
-6.71367e-42
-1.16749e-41
-1.99258e-41
-1.00956e-41
2.10511e-41
5.20473e-42
2.71798e-41
-1.83499e-41
2.77345e-42
-3.85569e-42
-1.84948e-41
1.74831e-41
1.66877e-41
-2.68998e-41
9.65383e-42
3.27998e-41
128
9.74241e-42
0.0825956
-0.000841234
-0.164296
-0.180991
-0.11465
0.0815584
0.147486
-0.0134875
-0.0241109
-0.0278804
0.0625385
0.0413545
-0.125948
-0.270813
1.478e-41
-0.172201
0.0632818
0.192483
0.251915
0.124671
-0.0150575
-0.086142
-0.0632105
-0.0689829
-0.0214177
-0.00347196
0.0806571
0.159408
0.072966
-0.109851
1.43771e-41
-0.0582198
-0.000904427
0.0585518
0.021411
0.0393318
0.0128533
-0.129998
-0.081489
0.011816
0.0320051
-0.0419759
-0.0698855
0.0267479
0.14588
0.233895
1.79889e-41
-0.0644251
-0.181128
-0.168411
-0.18736
-0.124036
-0.045092
-0.12935
-0.130191
0.0245619
-0.0374641
-0.0904944
-0.0135844
0.00858983
0.128617
0.194891
1.91208e-41
-0.0383471
-0.0218483
0.0969211
-0.0215568
-0.061726
-0.0394898
-0.0262177
-0.0065927
0.106687
0.0397452
0.106574
-0.0767333
-0.101742
-0.0247537
-0.0446168
2.12783e-41
-0.111666
0.0854538
-0.0253069
-0.135391
-0.277494
-0.168916
-0.0709325
-0.0385428
0.0466066
0.0457983
0.0846375
-0.0455601
-0.0840246
-0.127846
-0.0476355
-5.16274e-42
-0.0527201
-0.000407437
-0.0234292
-9.40053e-05
-0.0827038
-0.0228583
-0.0227183
0.0345656
-0.00884688
-0.161788
-0.151021
-0.178576
-0.00043503
0.116482
0.138139
-5.10861e-42
1.8713e-41
1.70897e-41
-2.25683e-41
3.92818e-41
2.62357e-42
7.40082e-42
-2.78639e-41
2.88375e-41
1.92502e-41
2.44769e-41
5.30181e-42
-2.76702e-42
-4.34879e-41
2.51645e-41
-3.3141e-41
9.83759e-43
128
-2.72243e-41
0.0869815
-0.0105735
0.0664926
-0.0840443
-0.0605518
-0.0715114
-0.0083466
-0.0243726
-0.0518138
-0.0940472
-0.0577548
-0.016048
-0.0625418
-0.0675474
-2.38857e-41
0.21338
0.113534
0.0798525
-0.00781396
-0.000780699
-0.083839
0.0441002
0.0899954
0.123979
0.0107213
0.0448012
0.0457024
0.0461689
0.00990584
-0.0610769
-1.49268e-42
0.00648446
0.00514238
0.05916
0.042768
0.0407245
0.149621
0.12424
0.146164
-0.0208578
-0.124058
0.020714
0.0571446
0.107349
0.0614617
0.0527927
3.15027e-41
-0.0515041
0.0986346
0.13008
0.112471
-0.0171064
-0.0219238
-0.0041057
-0.110198
-0.157492
-0.193271
-0.00824638
0.108406
0.0200579
-0.0666926
0.0484489
2.53582e-41
0.0431774
0.0709474
0.102576
0.080869
0.0345228
0.11186
0.0995759
0.059158
-0.0921943
-0.258552
-0.162072
-0.002008
0.076254
0.120984
0.110265
-8.37681e-42
0.137304
0.0495693
0.00553062
-0.111187
-0.086384
0.0166407
0.082137
0.229464
0.0858036
-0.107954
-0.101995
-0.160843
-0.0469567
0.10377
0.154173
-1.5356e-41
0.292982
0.139673
-0.0682821
-0.153928
-0.226222
-0.107649
-0.0268389
0.0885738
0.194152
0.0619259
-0.103133
-0.258859
-0.171105
0.0499798
0.00701236
-3.00457e-41
-2.43828e-41
1.81622e-41
7.29487e-42
9.07461e-42
1.68662e-41
1.39226e-41
1.81697e-41
1.6997e-41
3.11306e-41
-2.29658e-41
9.72967e-42
2.18443e-41
-9.51086e-42
-1.7799e-41
4.76532e-42
-4.68416e-42
128
-1.73689e-42
0.189442
0.170623
0.198783
0.190164
0.133278
0.136737
0.0137519
0.0376662
0.0671002
0.0274535
-0.110529
-0.21919
-0.11912
-0.0889493
1.53865e-42
0.243231
0.0803965
-0.0268828
-0.0641528
-0.0375202
-0.0458412
-0.0379206
-0.0103709
-0.0314491
-0.0101085
-0.0258085
0.0299198
0.105787
0.0820119
0.158154
-5.20677e-42
0.0621292
-0.115968
-0.125779
-0.0037192
0.110154
0.038393
-0.0218102
-0.0416347
0.0056045
0.0875414
0.0681908
0.0897517
0.0227278
0.0855311
0.166069
-7.63046e-42
0.023609
0.0556012
0.151714
0.139786
0.108016
-0.171021
-0.267865
-0.122705
0.0609207
0.0939039
0.0254629
0.0642842
-0.0627155
-0.0299224
-0.0536087
-6.42226e-42
0.10642
0.298194
0.182922
0.0780502
-0.0868085
-0.0964667
0.0121698
0.153171
0.167363
0.139881
-0.0595969
-0.0472259
-0.15878
-0.0550583
0.016951
8.71347e-42
0.0804461
-0.0214003
-0.0655191
-0.104073
-0.117113
0.0318108
0.0546664
-0.123287
-0.0260638
0.160899
0.0852751
0.0489474
-0.120038
-0.116838
-0.107803
-8.86022e-42
0.060025
-0.0816172
-0.0619945
-0.080254
-0.00856669
0.00157305
-0.0444855
-0.0735328
-0.0176615
0.0298962
0.126758
0.108108
-0.00347513
-0.0444748
-0.0128832
9.27386e-42
1.22097e-41
1.0958e-41
-1.4068e-41
2.56807e-42
2.59365e-41
2.51563e-42
8.03382e-42
6.97981e-42
1.25279e-41
1.80843e-41
-1.39541e-41
-1.78788e-41
-3.14248e-41
2.1955e-41
-7.24945e-42
6.71758e-42
128
9.51461e-42
0.146735
0.0621334
-0.0373875
0.0197675
0.123667
0.0289562
0.0522039
0.0166614
-0.0155556
-0.013216
-0.00475554
-0.0175005
-0.0551973
0.0102568
1.55045e-41
-0.134464
0.0075201
0.0164768
-0.012773
-0.148646
-0.0494986
-0.0549854
0.07723
0.0111023
-0.0565915
0.0241449
-0.060677
-0.0427376
0.00456694
-0.0706613
1.94914e-41
-0.140373
0.0373396
0.0522592
-0.121346
-0.0396201
-0.0149381
-0.0464144
-0.0105384
0.0279501
-0.0425251
-0.0875281
-0.0210077
-0.054983
-0.0134202
0.0889016
-8.58916e-43
-0.104487
-0.0482787
0.130075
0.0142413
0.0710556
0.0328974
0.0558395
-0.0888243
-0.0515205
0.0496156
-0.0159375
-0.0518537
0.0313958
0.137274
0.127624
1.78269e-42
0.191994
-0.0183805
-0.0198405
0.0366076
0.0380948
0.0608786
0.028255
-0.25683
-0.194461
-0.0668004
-0.243191
-0.157066
-0.129755
-0.104084
-0.224176
-1.32371e-41
0.0758606
0.136084
0.173699
0.139072
0.152151
0.197922
0.182372
0.0982315
-0.0120427
0.189597
0.276654
0.198279
0.204777
0.087963
0.055078
-1.76211e-41
-0.0692968
-0.056895
-0.0961219
-0.118958
-0.093837
-0.0723376
-0.111002
-0.112267
-0.153093
-0.17509
-0.0773314
-0.0982482
-0.144147
-0.0648051
0.00482736
1.43761e-43
6.17546e-43
-1.56265e-41
-2.82211e-41
2.34217e-41
1.92368e-41
2.35441e-41
-3.2643e-42
-1.0335e-41
1.67803e-41
-9.05834e-42
5.42774e-42
1.17791e-41
-1.79768e-42
5.83958e-43
1.10828e-41
-4.05665e-42
128
-2.24631e-41
0.106513
0.0865647
0.0530515
0.0144274
0.13383
0.0392066
-0.0844848
-0.0346233
-0.125373
-0.101746
-0.0785341
-0.139806
-0.135363
0.107709
-3.26042e-42
-0.13728
-0.0845693
-0.0989426
-0.0785535
-0.0453586
-0.0460343
-0.00351656
0.120219
0.0951775
0.114792
0.0939083
0.10168
0.0181877
-0.0548785
-0.14023
-9.0926e-42
-0.114723
-0.0408403
-0.139631
-0.0988827
-0.102998
-0.0221392
0.185774
0.0521738
-0.0564336
-0.0609582
-0.0903259
-0.0298256
0.0519296
0.224283
-0.098372
4.76152e-41
-0.0452386
0.0615652
-0.0840837
-0.165847
-0.182513
-0.0480414
0.0309478
-0.0342756
-0.177216
-0.161018
-0.0543667
-0.0664081
0.157654
0.0614545
-0.184223
1.68446e-42
-0.0841388
0.213942
0.029721
-0.165367
-0.179451
0.138621
0.19621
0.0943362
-0.0883527
-0.0286111
0.118327
0.123166
0.137793
-0.0366192
-0.21696
3.12452e-41
-0.0656303
-0.0343511
-0.09503
-0.0799795
-0.0389642
0.0322805
0.0206339
-0.0866536
-0.235454
-0.0757165
0.0607
0.127053
-0.0213545
-0.0016053
0.0460644
-3.43743e-41
-0.0326905
-0.0444221
-0.0216661
-0.0123147
0.0484054
0.0829873
-0.00209383
-0.0388356
-0.0770621
0.0275176
0.0169165
0.0195064
-0.00678461
0.123471
0.26394
1.8524e-41
-1.58299e-41
1.64391e-41
-2.66569e-41
2.32289e-41
1.93075e-41
6.65477e-42
-2.47804e-41
-2.64549e-41
9.80776e-42
-1.14148e-41
-1.14412e-41
1.56358e-41
2.68341e-41
-2.31864e-41
-3.14273e-41
-1.74645e-42
128
0
0.16269
0.143167
0.150759
0.168113
0.145336
0.136659
0.163774
0.184382
0.164859
0.16269
0.183297
0.175705
0.150759
0.0650759
0
0.130152
0.412148
0.442516
0.380694
0.363341
0.366594
0.355748
0.339479
0.334056
0.32538
0.336226
0.363341
0.40564
0.422993
0.291757
0
0.194143
0.579176
0.533623
0.411063
0.378525
0.39154
0.427332
0.421909
0.399132
0.406725
0.363341
0.356833
0.444685
0.59436
0.449024
0
0.223427
0.660521
0.597614
0.44577
0.383948
0.403471
0.429501
0.469631
0.480477
0.478308
0.390456
0.359002
0.491323
0.650759
0.506508
0
0.200651
0.581345
0.585683
0.482646
0.434924
0.440347
0.440347
0.493492
0.502169
0.476139
0.427332
0.452278
0.533623
0.539046
0.344902
0
0.113883
0.395879
0.467462
0.436009
0.413232
0.39154
0.367679
0.369848
0.380694
0.411063
0.458785
0.480477
0.457701
0.335141
0.17462
0
0.0477223
0.185466
0.26898
0.288503
0.281996
0.260304
0.236443
0.229935
0.236443
0.270065
0.265727
0.254881
0.225597
0.160521
0.0835141
0
0
0
0
0
0
0
0
0
0
0
0
0
0
0
0
0
128
1e-10
0.369283
0.350433
0.358008
0.374169
0.352631
0.343674
0.370272
0.388006
0.371255
0.369283
0.38712
0.380776
0.358008
0.246794
1e-10
0.336653
0.492489
0.496954
0.485821
0.481223
0.482136
0.478999
0.47379
0.471916
0.468771
0.472674
0.481223
0.491282
0.494303
0.454818
1e-10
0.395754
0.493959
0.499139
0.492294
0.485283
0.48836
0.49496
0.494132
0.489986
0.491489
0.481223
0.479325
0.497201
0.491282
0.497665
1e-10
0.416768
0.47379
0.490645
0.49732
0.486609
0.49086
0.495274
0.499348
0.49989
0.4998
0.488117
0.479968
0.500196
0.476989
0.500229
1e-10
0.400705
0.493606
0.492871
0.49997
0.496016
0.496698
0.496698
0.500229
0.500267
0.499701
0.49496
0.497987
0.499139
0.498744
0.475594
1e-10
0.317841
0.489304
0.499211
0.496157
0.492681
0.48836
0.482435
0.483025
0.485821
0.492294
0.498569
0.49989
0.498478
0.472296
0.379848
1e-10
0.213294
0.388886
0.44367
0.453312
0.450215
0.439038
0.425128
0.421019
0.425128
0.444234
0.441959
0.436031
0.418201
0.367287
0.276808
1e-10
1e-10
1e-10
1e-10
1e-10
1e-10
1e-10
1e-10
1e-10
1e-10
1e-10
1e-10
1e-10
1e-10
1e-10
1e-10
1e-10
24
-9.8021
-7.25696
-5.58055
-7.76702
-6.38297
-6.24535
-5.18944
-5.24436
-6.17957
-5.50837
-5.52302
-4.2362
-5.10567
-4.64831
-4.68676
-4.4491
-3.61542
-4.18898
-3.39984
-3.99328
-4.30086
-4.16443
-3.89198
-3.54515
24
5.52972
8.43835
7.87669
5.3733
5.64761
5.23185
5.05583
4.73504
4.86065
5.96558
5.63691
4.56032
3.85794
5.16222
5.21754
4.52934
5.57088
3.78363
4.47633
3.41867
4.29462
3.70987
4.2088
4.75884
